ERI Block (i=0, j=0):
4.78506540 0.74138035 0.00000000 0.00000000 0.00000000 0.17064377 0.17064377
0.74138035 1.11894687 -0.00000000 0.00000000 0.00000000 0.40170157 0.40170157
0.00000000 -0.00000000 1.11581381 0.00000000 0.00000000 0.17354786 0.17354786
0.00000000 0.00000000 0.00000000 1.11581381 0.00000000 0.00000000 0.00000000
0.00000000 0.00000000 0.00000000 0.00000000 1.11581381 -0.22414016 0.22414016
0.17064377 0.40170157 0.17354786 0.00000000 -0.22414016 0.53066383 0.15949137
0.17064377 0.40170157 0.17354786 0.00000000 0.22414016 0.15949137 0.53066383

ERI Block (i=0, j=1):
0.74138035 0.13687339 0.00000000 0.00000000 0.00000000 0.03122465 0.03122465
0.13687339 0.25663339 -0.00000000 0.00000000 0.00000000 0.09322652 0.09322652
0.00000000 -0.00000000 0.25668399 0.00000000 0.00000000 0.04081084 0.04081084
0.00000000 0.00000000 0.00000000 0.25668399 0.00000000 0.00000000 0.00000000
0.00000000 0.00000000 0.00000000 0.00000000 0.25668399 -0.05270793 0.05270793
0.03122465 0.09322652 0.04081084 0.00000000 -0.05270793 0.12515925 0.03733906
0.03122465 0.09322652 0.04081084 0.00000000 0.05270793 0.03733906 0.12515925

ERI Block (i=0, j=2):
0.00000000 0.00000000 0.02447741 0.00000000 0.00000000 0.00087936 0.00087936
0.00000000 -0.00000000 0.03780861 0.00000000 0.00000000 0.00426849 0.00426849
0.02447741 0.03780861 0.00000000 0.00000000 0.00000000 0.01155997 0.01155997
0.00000000 0.00000000 0.00000000 0.00000000 0.00000000 0.00000000 0.00000000
0.00000000 0.00000000 0.00000000 0.00000000 0.00000000 -0.00212312 0.00212312
0.00087936 0.00426849 0.01155997 0.00000000 -0.00212312 0.00764279 0.00271693
0.00087936 0.00426849 0.01155997 0.00000000 0.00212312 0.00271693 0.00764279

ERI Block (i=0, j=3):
0.00000000 0.00000000 0.00000000 0.02447741 0.00000000 0.00000000 0.00000000
0.00000000 0.00000000 0.00000000 0.03780861 0.00000000 0.00000000 0.00000000
0.00000000 0.00000000 0.00000000 0.00000000 0.00000000 0.00000000 0.00000000
0.02447741 0.03780861 0.00000000 0.00000000 0.00000000 0.00991607 0.00991607
0.00000000 0.00000000 0.00000000 0.00000000 0.00000000 0.00000000 0.00000000
0.00000000 0.00000000 0.00000000 0.00991607 0.00000000 0.00000000 0.00000000
0.00000000 0.00000000 0.00000000 0.00991607 0.00000000 0.00000000 0.00000000

ERI Block (i=0, j=4):
0.00000000 0.00000000 0.00000000 0.00000000 0.02447741 -0.00113571 0.00113571
0.00000000 0.00000000 0.00000000 0.00000000 0.03780861 -0.00551283 0.00551283
0.00000000 0.00000000 0.00000000 0.00000000 0.00000000 -0.00212312 0.00212312
0.00000000 0.00000000 0.00000000 0.00000000 0.00000000 0.00000000 0.00000000
0.02447741 0.03780861 0.00000000 0.00000000 0.00000000 0.01265812 0.01265812
-0.00113571 -0.00551283 -0.00212312 0.00000000 0.01265812 -0.00987079 0.00000000
0.00113571 0.00551283 0.00212312 0.00000000 0.01265812 -0.00000000 0.00987079

ERI Block (i=0, j=5):
0.17064377 0.03122465 0.00087936 0.00000000 -0.00113571 0.00721561 0.00710385
0.03122465 0.05812340 0.00164157 0.00000000 -0.00212012 0.02165697 0.02097839
0.00087936 0.00164157 0.05813989 0.00000000 -0.00016365 0.00991342 0.00960883
0.00000000 0.00000000 0.00000000 0.05801317 0.00000000 0.00000000 0.00000000
-0.00113571 -0.00212012 -0.00016365 0.00000000 0.05822453 -0.01280336 0.01130001
0.00721561 0.02165697 0.00991342 0.00000000 -0.01280336 0.02935867 0.00858545
0.00710385 0.02097839 0.00960883 0.00000000 0.01130001 0.00858545 0.02809328

ERI Block (i=0, j=6):
0.17064377 0.03122465 0.00087936 0.00000000 0.00113571 0.00710385 0.00721561
0.03122465 0.05812340 0.00164157 0.00000000 0.00212012 0.02097839 0.02165697
0.00087936 0.00164157 0.05813989 0.00000000 0.00016365 0.00960883 0.00991342
0.00000000 0.00000000 0.00000000 0.05801317 0.00000000 0.00000000 0.00000000
0.00113571 0.00212012 0.00016365 0.00000000 0.05822453 -0.01130001 0.01280336
0.00710385 0.02097839 0.00960883 0.00000000 -0.01130001 0.02809328 0.00858545
0.00721561 0.02165697 0.00991342 0.00000000 0.01280336 0.00858545 0.02935867

ERI Block (i=1, j=0):
0.74138035 0.13687339 0.00000000 0.00000000 0.00000000 0.03122465 0.03122465
0.13687339 0.25663339 -0.00000000 0.00000000 0.00000000 0.09322652 0.09322652
0.00000000 -0.00000000 0.25668399 0.00000000 0.00000000 0.04081084 0.04081084
0.00000000 0.00000000 0.00000000 0.25668399 0.00000000 0.00000000 0.00000000
0.00000000 0.00000000 0.00000000 0.00000000 0.25668399 -0.05270793 0.05270793
0.03122465 0.09322652 0.04081084 0.00000000 -0.05270793 0.12515925 0.03733906
0.03122465 0.09322652 0.04081084 0.00000000 0.05270793 0.03733906 0.12515925

ERI Block (i=1, j=1):
1.11894687 0.25663339 -0.00000000 0.00000000 0.00000000 0.05812340 0.05812340
0.25663339 0.81720632 0.00000000 0.00000000 0.00000000 0.32710940 0.32710940
-0.00000000 0.00000000 0.81702261 0.00000000 0.00000000 0.15294174 0.15294174
0.00000000 0.00000000 0.00000000 0.81702261 0.00000000 0.00000000 0.00000000
0.00000000 0.00000000 0.00000000 0.00000000 0.81702261 -0.19752700 0.19752700
0.05812340 0.32710940 0.15294174 0.00000000 -0.19752700 0.50227122 0.14159876
0.05812340 0.32710940 0.15294174 0.00000000 0.19752700 0.14159876 0.50227122

ERI Block (i=1, j=2):
-0.00000000 -0.00000000 0.03780861 0.00000000 0.00000000 0.00164157 0.00164157
-0.00000000 0.00000000 0.18051839 0.00000000 0.00000000 0.03216505 0.03216505
0.03780861 0.18051839 0.00000000 0.00000000 0.00000000 0.07144278 0.07144278
0.00000000 0.00000000 0.00000000 0.00000000 0.00000000 0.00000000 0.00000000
0.00000000 0.00000000 0.00000000 0.00000000 0.00000000 -0.01847979 0.01847979
0.00164157 0.03216505 0.07144278 0.00000000 -0.01847979 0.07851898 0.02406843
0.00164157 0.03216505 0.07144278 0.00000000 0.01847979 0.02406843 0.07851898

ERI Block (i=1, j=3):
0.00000000 0.00000000 0.00000000 0.03780861 0.00000000 0.00000000 0.00000000
0.00000000 0.00000000 0.00000000 0.18051839 0.00000000 0.00000000 0.00000000
0.00000000 0.00000000 0.00000000 0.00000000 0.00000000 0.00000000 0.00000000
0.03780861 0.18051839 0.00000000 0.00000000 0.00000000 0.05713420 0.05713420
0.00000000 0.00000000 0.00000000 0.00000000 0.00000000 0.00000000 0.00000000
0.00000000 0.00000000 0.00000000 0.05713420 0.00000000 0.00000000 0.00000000
0.00000000 0.00000000 0.00000000 0.05713420 0.00000000 0.00000000 0.00000000

ERI Block (i=1, j=4):
0.00000000 0.00000000 0.00000000 0.00000000 0.03780861 -0.00212012 0.00212012
0.00000000 0.00000000 0.00000000 0.00000000 0.18051839 -0.04154174 0.04154174
0.00000000 0.00000000 0.00000000 0.00000000 0.00000000 -0.01847979 0.01847979
0.00000000 0.00000000 0.00000000 0.00000000 0.00000000 0.00000000 0.00000000
0.03780861 0.18051839 0.00000000 0.00000000 0.00000000 0.08100118 0.08100118
-0.00212012 -0.04154174 -0.01847979 0.00000000 0.08100118 -0.10140867 0.00000000
0.00212012 0.04154174 0.01847979 0.00000000 0.08100118 -0.00000000 0.10140867

ERI Block (i=1, j=5):
0.40170157 0.09322652 0.00426849 0.00000000 -0.00551283 0.02165697 0.02097839
0.09322652 0.32710940 0.03216505 0.00000000 -0.04154174 0.16006975 0.13088209
0.00426849 0.03216505 0.32767178 0.00000000 -0.00775350 0.09090618 0.07230370
0.00000000 0.00000000 0.00000000 0.32166838 0.00000000 0.00000000 0.00000000
-0.00551283 -0.04154174 -0.00775350 0.00000000 0.33168217 -0.11740695 0.06592073
0.02165697 0.16006975 0.09090618 0.00000000 -0.11740695 0.30484599 0.06841420
0.02097839 0.13088209 0.07230370 0.00000000 0.06592073 0.06841420 0.20614035

ERI Block (i=1, j=6):
0.40170157 0.09322652 0.00426849 0.00000000 0.00551283 0.02097839 0.02165697
0.09322652 0.32710940 0.03216505 0.00000000 0.04154174 0.13088209 0.16006975
0.00426849 0.03216505 0.32767178 0.00000000 0.00775350 0.07230370 0.09090618
0.00000000 0.00000000 0.00000000 0.32166838 0.00000000 0.00000000 0.00000000
0.00551283 0.04154174 0.00775350 0.00000000 0.33168217 -0.06592073 0.11740695
0.02097839 0.13088209 0.07230370 0.00000000 -0.06592073 0.20614035 0.06841420
0.02165697 0.16006975 0.09090618 0.00000000 0.11740695 0.06841420 0.30484599

ERI Block (i=2, j=0):
0.00000000 0.00000000 0.02447741 0.00000000 0.00000000 0.00087936 0.00087936
0.00000000 -0.00000000 0.03780861 0.00000000 0.00000000 0.00426849 0.00426849
0.02447741 0.03780861 0.00000000 0.00000000 0.00000000 0.01155997 0.01155997
0.00000000 0.00000000 0.00000000 0.00000000 0.00000000 0.00000000 0.00000000
0.00000000 0.00000000 0.00000000 0.00000000 0.00000000 -0.00212312 0.00212312
0.00087936 0.00426849 0.01155997 0.00000000 -0.00212312 0.00764279 0.00271693
0.00087936 0.00426849 0.01155997 0.00000000 0.00212312 0.00271693 0.00764279

ERI Block (i=2, j=1):
-0.00000000 -0.00000000 0.03780861 0.00000000 0.00000000 0.00164157 0.00164157
-0.00000000 0.00000000 0.18051839 0.00000000 0.00000000 0.03216505 0.03216505
0.03780861 0.18051839 0.00000000 0.00000000 0.00000000 0.07144278 0.07144278
0.00000000 0.00000000 0.00000000 0.00000000 0.00000000 0.00000000 0.00000000
0.00000000 0.00000000 0.00000000 0.00000000 0.00000000 -0.01847979 0.01847979
0.00164157 0.03216505 0.07144278 0.00000000 -0.01847979 0.07851898 0.02406843
0.00164157 0.03216505 0.07144278 0.00000000 0.01847979 0.02406843 0.07851898

ERI Block (i=2, j=2):
1.11581381 0.25668399 0.00000000 0.00000000 0.00000000 0.05813989 0.05813989
0.25668399 0.81702261 0.00000000 0.00000000 0.00000000 0.32767178 0.32767178
0.00000000 0.00000000 0.88015909 0.00000000 0.00000000 0.16217419 0.16217419
0.00000000 0.00000000 0.00000000 0.78527020 0.00000000 0.00000000 0.00000000
0.00000000 0.00000000 0.00000000 0.00000000 0.78527020 -0.19204504 0.19204504
0.05813989 0.32767178 0.16217419 0.00000000 -0.19204504 0.50458635 0.14514376
0.05813989 0.32767178 0.16217419 0.00000000 0.19204504 0.14514376 0.50458635

ERI Block (i=2, j=3):
0.00000000 0.00000000 0.00000000 0.00000000 0.00000000 0.00000000 0.00000000
0.00000000 0.00000000 0.00000000 0.00000000 0.00000000 0.00000000 0.00000000
0.00000000 0.00000000 0.00000000 0.04744445 0.00000000 0.00000000 0.00000000
0.00000000 0.00000000 0.04744445 0.00000000 0.00000000 0.00673852 0.00673852
0.00000000 0.00000000 0.00000000 0.00000000 0.00000000 0.00000000 0.00000000
0.00000000 0.00000000 0.00000000 0.00673852 0.00000000 0.00000000 0.00000000
0.00000000 0.00000000 0.00000000 0.00673852 0.00000000 0.00000000 0.00000000

ERI Block (i=2, j=4):
0.00000000 0.00000000 0.00000000 0.00000000 0.00000000 -0.00016365 0.00016365
0.00000000 0.00000000 0.00000000 0.00000000 0.00000000 -0.00775350 0.00775350
0.00000000 0.00000000 0.00000000 0.00000000 0.04744445 -0.01224890 0.01224890
0.00000000 0.00000000 0.00000000 0.00000000 0.00000000 0.00000000 0.00000000
0.00000000 0.00000000 0.04744445 0.00000000 0.00000000 0.01131822 0.01131822
-0.00016365 -0.00775350 -0.01224890 0.00000000 0.01131822 -0.02940592 0.00000000
0.00016365 0.00775350 0.01224890 0.00000000 0.01131822 -0.00000000 0.02940592

ERI Block (i=2, j=5):
0.17354786 0.04081084 0.01155997 0.00000000 -0.00212312 0.00991342 0.00960883
0.04081084 0.15294174 0.07144278 0.00000000 -0.01847979 0.09090618 0.07230370
0.01155997 0.07144278 0.16217419 0.00000000 -0.01224890 0.07427451 0.05772576
0.00000000 0.00000000 0.00000000 0.14595156 0.00000000 0.00000000 0.00000000
-0.00212312 -0.01847979 -0.01224890 0.00000000 0.15053127 -0.06593381 0.03556706
0.00991342 0.09090618 0.07427451 0.00000000 -0.06593381 0.19777639 0.04367501
0.00960883 0.07230370 0.05772576 0.00000000 0.03556706 0.04367501 0.12498705

ERI Block (i=2, j=6):
0.17354786 0.04081084 0.01155997 0.00000000 0.00212312 0.00960883 0.00991342
0.04081084 0.15294174 0.07144278 0.00000000 0.01847979 0.07230370 0.09090618
0.01155997 0.07144278 0.16217419 0.00000000 0.01224890 0.05772576 0.07427451
0.00000000 0.00000000 0.00000000 0.14595156 0.00000000 0.00000000 0.00000000
0.00212312 0.01847979 0.01224890 0.00000000 0.15053127 -0.03556706 0.06593381
0.00960883 0.07230370 0.05772576 0.00000000 -0.03556706 0.12498705 0.04367501
0.00991342 0.09090618 0.07427451 0.00000000 0.06593381 0.04367501 0.19777639

ERI Block (i=3, j=0):
0.00000000 0.00000000 0.00000000 0.02447741 0.00000000 0.00000000 0.00000000
0.00000000 0.00000000 0.00000000 0.03780861 0.00000000 0.00000000 0.00000000
0.00000000 0.00000000 0.00000000 0.00000000 0.00000000 0.00000000 0.00000000
0.02447741 0.03780861 0.00000000 0.00000000 0.00000000 0.00991607 0.00991607
0.00000000 0.00000000 0.00000000 0.00000000 0.00000000 0.00000000 0.00000000
0.00000000 0.00000000 0.00000000 0.00991607 0.00000000 0.00000000 0.00000000
0.00000000 0.00000000 0.00000000 0.00991607 0.00000000 0.00000000 0.00000000

ERI Block (i=3, j=1):
0.00000000 0.00000000 0.00000000 0.03780861 0.00000000 0.00000000 0.00000000
0.00000000 0.00000000 0.00000000 0.18051839 0.00000000 0.00000000 0.00000000
0.00000000 0.00000000 0.00000000 0.00000000 0.00000000 0.00000000 0.00000000
0.03780861 0.18051839 0.00000000 0.00000000 0.00000000 0.05713420 0.05713420
0.00000000 0.00000000 0.00000000 0.00000000 0.00000000 0.00000000 0.00000000
0.00000000 0.00000000 0.00000000 0.05713420 0.00000000 0.00000000 0.00000000
0.00000000 0.00000000 0.00000000 0.05713420 0.00000000 0.00000000 0.00000000

ERI Block (i=3, j=2):
0.00000000 0.00000000 0.00000000 0.00000000 0.00000000 0.00000000 0.00000000
0.00000000 0.00000000 0.00000000 0.00000000 0.00000000 0.00000000 0.00000000
0.00000000 0.00000000 0.00000000 0.04744445 0.00000000 0.00000000 0.00000000
0.00000000 0.00000000 0.04744445 0.00000000 0.00000000 0.00673852 0.00673852
0.00000000 0.00000000 0.00000000 0.00000000 0.00000000 0.00000000 0.00000000
0.00000000 0.00000000 0.00000000 0.00673852 0.00000000 0.00000000 0.00000000
0.00000000 0.00000000 0.00000000 0.00673852 0.00000000 0.00000000 0.00000000

ERI Block (i=3, j=3):
1.11581381 0.25668399 0.00000000 0.00000000 0.00000000 0.05801317 0.05801317
0.25668399 0.81702261 0.00000000 0.00000000 0.00000000 0.32166838 0.32166838
0.00000000 0.00000000 0.78527020 0.00000000 0.00000000 0.14595156 0.14595156
0.00000000 0.00000000 0.00000000 0.88015909 0.00000000 0.00000000 0.00000000
0.00000000 0.00000000 0.00000000 0.00000000 0.78527020 -0.18849905 0.18849905
0.05801317 0.32166838 0.14595156 0.00000000 -0.18849905 0.48181785 0.13835803
0.05801317 0.32166838 0.14595156 0.00000000 0.18849905 0.13835803 0.48181785

ERI Block (i=3, j=4):
0.00000000 0.00000000 0.00000000 0.00000000 0.00000000 0.00000000 0.00000000
0.00000000 0.00000000 0.00000000 0.00000000 0.00000000 0.00000000 0.00000000
0.00000000 0.00000000 0.00000000 0.00000000 0.00000000 0.00000000 0.00000000
0.00000000 0.00000000 0.00000000 0.00000000 0.04744445 -0.00870292 0.00870292
0.00000000 0.00000000 0.00000000 0.04744445 0.00000000 0.00000000 0.00000000
0.00000000 0.00000000 0.00000000 -0.00870292 0.00000000 0.00000000 0.00000000
0.00000000 0.00000000 0.00000000 0.00870292 0.00000000 0.00000000 0.00000000

ERI Block (i=3, j=5):
0.00000000 0.00000000 0.00000000 0.00991607 0.00000000 0.00000000 0.00000000
0.00000000 0.00000000 0.00000000 0.05713420 0.00000000 0.00000000 0.00000000
0.00000000 0.00000000 0.00000000 0.00673852 0.00000000 0.00000000 0.00000000
0.00991607 0.05713420 0.00673852 0.00000000 -0.00870292 0.02322311 0.01839426
0.00000000 0.00000000 0.00000000 -0.00870292 0.00000000 0.00000000 0.00000000
0.00000000 0.00000000 0.00000000 0.02322311 0.00000000 0.00000000 0.00000000
0.00000000 0.00000000 0.00000000 0.01839426 0.00000000 0.00000000 0.00000000

ERI Block (i=3, j=6):
0.00000000 0.00000000 0.00000000 0.00991607 0.00000000 0.00000000 0.00000000
0.00000000 0.00000000 0.00000000 0.05713420 0.00000000 0.00000000 0.00000000
0.00000000 0.00000000 0.00000000 0.00673852 0.00000000 0.00000000 0.00000000
0.00991607 0.05713420 0.00673852 0.00000000 0.00870292 0.01839426 0.02322311
0.00000000 0.00000000 0.00000000 0.00870292 0.00000000 0.00000000 0.00000000
0.00000000 0.00000000 0.00000000 0.01839426 0.00000000 0.00000000 0.00000000
0.00000000 0.00000000 0.00000000 0.02322311 0.00000000 0.00000000 0.00000000

ERI Block (i=4, j=0):
0.00000000 0.00000000 0.00000000 0.00000000 0.02447741 -0.00113571 0.00113571
0.00000000 0.00000000 0.00000000 0.00000000 0.03780861 -0.00551283 0.00551283
0.00000000 0.00000000 0.00000000 0.00000000 0.00000000 -0.00212312 0.00212312
0.00000000 0.00000000 0.00000000 0.00000000 0.00000000 0.00000000 0.00000000
0.02447741 0.03780861 0.00000000 0.00000000 0.00000000 0.01265812 0.01265812
-0.00113571 -0.00551283 -0.00212312 0.00000000 0.01265812 -0.00987079 0.00000000
0.00113571 0.00551283 0.00212312 0.00000000 0.01265812 -0.00000000 0.00987079

ERI Block (i=4, j=1):
0.00000000 0.00000000 0.00000000 0.00000000 0.03780861 -0.00212012 0.00212012
0.00000000 0.00000000 0.00000000 0.00000000 0.18051839 -0.04154174 0.04154174
0.00000000 0.00000000 0.00000000 0.00000000 0.00000000 -0.01847979 0.01847979
0.00000000 0.00000000 0.00000000 0.00000000 0.00000000 0.00000000 0.00000000
0.03780861 0.18051839 0.00000000 0.00000000 0.00000000 0.08100118 0.08100118
-0.00212012 -0.04154174 -0.01847979 0.00000000 0.08100118 -0.10140867 0.00000000
0.00212012 0.04154174 0.01847979 0.00000000 0.08100118 -0.00000000 0.10140867

ERI Block (i=4, j=2):
0.00000000 0.00000000 0.00000000 0.00000000 0.00000000 -0.00016365 0.00016365
0.00000000 0.00000000 0.00000000 0.00000000 0.00000000 -0.00775350 0.00775350
0.00000000 0.00000000 0.00000000 0.00000000 0.04744445 -0.01224890 0.01224890
0.00000000 0.00000000 0.00000000 0.00000000 0.00000000 0.00000000 0.00000000
0.00000000 0.00000000 0.04744445 0.00000000 0.00000000 0.01131822 0.01131822
-0.00016365 -0.00775350 -0.01224890 0.00000000 0.01131822 -0.02940592 0.00000000
0.00016365 0.00775350 0.01224890 0.00000000 0.01131822 -0.00000000 0.02940592

ERI Block (i=4, j=3):
0.00000000 0.00000000 0.00000000 0.00000000 0.00000000 0.00000000 0.00000000
0.00000000 0.00000000 0.00000000 0.00000000 0.00000000 0.00000000 0.00000000
0.00000000 0.00000000 0.00000000 0.00000000 0.00000000 0.00000000 0.00000000
0.00000000 0.00000000 0.00000000 0.00000000 0.04744445 -0.00870292 0.00870292
0.00000000 0.00000000 0.00000000 0.04744445 0.00000000 0.00000000 0.00000000
0.00000000 0.00000000 0.00000000 -0.00870292 0.00000000 0.00000000 0.00000000
0.00000000 0.00000000 0.00000000 0.00870292 0.00000000 0.00000000 0.00000000

ERI Block (i=4, j=4):
1.11581381 0.25668399 0.00000000 0.00000000 0.00000000 0.05822453 0.05822453
0.25668399 0.81702261 0.00000000 0.00000000 0.00000000 0.33168217 0.33168217
0.00000000 0.00000000 0.78527020 0.00000000 0.00000000 0.15053127 0.15053127
0.00000000 0.00000000 0.00000000 0.78527020 0.00000000 0.00000000 0.00000000
0.00000000 0.00000000 0.00000000 0.00000000 0.88015909 -0.21181966 0.21181966
0.05822453 0.33168217 0.15053127 0.00000000 -0.21181966 0.51979613 0.14114369
0.05822453 0.33168217 0.15053127 0.00000000 0.21181966 0.14114369 0.51979613

ERI Block (i=4, j=5):
-0.22414016 -0.05270793 -0.00212312 0.00000000 0.01265812 -0.01280336 -0.01130001
-0.05270793 -0.19752700 -0.01847979 0.00000000 0.08100118 -0.11740695 -0.06592073
-0.00212312 -0.01847979 -0.19204504 0.00000000 0.01131822 -0.06593381 -0.03556706
0.00000000 0.00000000 0.00000000 -0.18849905 0.00000000 0.00000000 0.00000000
0.01265812 0.08100118 0.01131822 0.00000000 -0.21181966 0.10837780 -0.01524298
-0.01280336 -0.11740695 -0.06593381 0.00000000 0.10837780 -0.25543174 -0.04321005
-0.01130001 -0.06592073 -0.03556706 0.00000000 -0.01524298 -0.04321005 -0.09112149

ERI Block (i=4, j=6):
0.22414016 0.05270793 0.00212312 0.00000000 0.01265812 0.01130001 0.01280336
0.05270793 0.19752700 0.01847979 0.00000000 0.08100118 0.06592073 0.11740695
0.00212312 0.01847979 0.19204504 0.00000000 0.01131822 0.03556706 0.06593381
0.00000000 0.00000000 0.00000000 0.18849905 0.00000000 0.00000000 0.00000000
0.01265812 0.08100118 0.01131822 0.00000000 0.21181966 -0.01524298 0.10837780
0.01130001 0.06592073 0.03556706 0.00000000 -0.01524298 0.09112149 0.04321005
0.01280336 0.11740695 0.06593381 0.00000000 0.10837780 0.04321005 0.25543174

ERI Block (i=5, j=0):
0.17064377 0.03122465 0.00087936 0.00000000 -0.00113571 0.00721561 0.00710385
0.03122465 0.05812340 0.00164157 0.00000000 -0.00212012 0.02165697 0.02097839
0.00087936 0.00164157 0.05813989 0.00000000 -0.00016365 0.00991342 0.00960883
0.00000000 0.00000000 0.00000000 0.05801317 0.00000000 0.00000000 0.00000000
-0.00113571 -0.00212012 -0.00016365 0.00000000 0.05822453 -0.01280336 0.01130001
0.00721561 0.02165697 0.00991342 0.00000000 -0.01280336 0.02935867 0.00858545
0.00710385 0.02097839 0.00960883 0.00000000 0.01130001 0.00858545 0.02809328

ERI Block (i=5, j=1):
0.40170157 0.09322652 0.00426849 0.00000000 -0.00551283 0.02165697 0.02097839
0.09322652 0.32710940 0.03216505 0.00000000 -0.04154174 0.16006975 0.13088209
0.00426849 0.03216505 0.32767178 0.00000000 -0.00775350 0.09090618 0.07230370
0.00000000 0.00000000 0.00000000 0.32166838 0.00000000 0.00000000 0.00000000
-0.00551283 -0.04154174 -0.00775350 0.00000000 0.33168217 -0.11740695 0.06592073
0.02165697 0.16006975 0.09090618 0.00000000 -0.11740695 0.30484599 0.06841420
0.02097839 0.13088209 0.07230370 0.00000000 0.06592073 0.06841420 0.20614035

ERI Block (i=5, j=2):
0.17354786 0.04081084 0.01155997 0.00000000 -0.00212312 0.00991342 0.00960883
0.04081084 0.15294174 0.07144278 0.00000000 -0.01847979 0.09090618 0.07230370
0.01155997 0.07144278 0.16217419 0.00000000 -0.01224890 0.07427451 0.05772576
0.00000000 0.00000000 0.00000000 0.14595156 0.00000000 0.00000000 0.00000000
-0.00212312 -0.01847979 -0.01224890 0.00000000 0.15053127 -0.06593381 0.03556706
0.00991342 0.09090618 0.07427451 0.00000000 -0.06593381 0.19777639 0.04367501
0.00960883 0.07230370 0.05772576 0.00000000 0.03556706 0.04367501 0.12498705

ERI Block (i=5, j=3):
0.00000000 0.00000000 0.00000000 0.00991607 0.00000000 0.00000000 0.00000000
0.00000000 0.00000000 0.00000000 0.05713420 0.00000000 0.00000000 0.00000000
0.00000000 0.00000000 0.00000000 0.00673852 0.00000000 0.00000000 0.00000000
0.00991607 0.05713420 0.00673852 0.00000000 -0.00870292 0.02322311 0.01839426
0.00000000 0.00000000 0.00000000 -0.00870292 0.00000000 0.00000000 0.00000000
0.00000000 0.00000000 0.00000000 0.02322311 0.00000000 0.00000000 0.00000000
0.00000000 0.00000000 0.00000000 0.01839426 0.00000000 0.00000000 0.00000000

ERI Block (i=5, j=4):
-0.22414016 -0.05270793 -0.00212312 0.00000000 0.01265812 -0.01280336 -0.01130001
-0.05270793 -0.19752700 -0.01847979 0.00000000 0.08100118 -0.11740695 -0.06592073
-0.00212312 -0.01847979 -0.19204504 0.00000000 0.01131822 -0.06593381 -0.03556706
0.00000000 0.00000000 0.00000000 -0.18849905 0.00000000 0.00000000 0.00000000
0.01265812 0.08100118 0.01131822 0.00000000 -0.21181966 0.10837780 -0.01524298
-0.01280336 -0.11740695 -0.06593381 0.00000000 0.10837780 -0.25543174 -0.04321005
-0.01130001 -0.06592073 -0.03556706 0.00000000 -0.01524298 -0.04321005 -0.09112149

ERI Block (i=5, j=5):
0.53066383 0.12515925 0.00764279 0.00000000 -0.00987079 0.02935867 0.02809328
0.12515925 0.50227122 0.07851898 0.00000000 -0.10140867 0.30484599 0.20614035
0.00764279 0.07851898 0.50458635 0.00000000 -0.02940592 0.19777639 0.12498705
0.00000000 0.00000000 0.00000000 0.48181785 0.00000000 0.00000000 0.00000000
-0.00987079 -0.10140867 -0.02940592 0.00000000 0.51979613 -0.25543174 0.09112149
0.02935867 0.30484599 0.19777639 0.00000000 -0.25543174 0.77460594 0.13345993
0.02809328 0.20614035 0.12498705 0.00000000 0.09112149 0.13345993 0.34208395

ERI Block (i=5, j=6):
0.15949137 0.03733906 0.00271693 0.00000000 0.00000000 0.00858545 0.00858545
0.03733906 0.14159876 0.02406843 0.00000000 0.00000000 0.06841420 0.06841420
0.00271693 0.02406843 0.14514376 0.00000000 0.00000000 0.04367501 0.04367501
0.00000000 0.00000000 0.00000000 0.13835803 0.00000000 0.00000000 0.00000000
0.00000000 0.00000000 0.00000000 0.00000000 0.14114369 -0.04321005 0.04321005
0.00858545 0.06841420 0.04367501 0.00000000 -0.04321005 0.13345993 0.03538726
0.00858545 0.06841420 0.04367501 0.00000000 0.04321005 0.03538726 0.13345993

ERI Block (i=6, j=0):
0.17064377 0.03122465 0.00087936 0.00000000 0.00113571 0.00710385 0.00721561
0.03122465 0.05812340 0.00164157 0.00000000 0.00212012 0.02097839 0.02165697
0.00087936 0.00164157 0.05813989 0.00000000 0.00016365 0.00960883 0.00991342
0.00000000 0.00000000 0.00000000 0.05801317 0.00000000 0.00000000 0.00000000
0.00113571 0.00212012 0.00016365 0.00000000 0.05822453 -0.01130001 0.01280336
0.00710385 0.02097839 0.00960883 0.00000000 -0.01130001 0.02809328 0.00858545
0.00721561 0.02165697 0.00991342 0.00000000 0.01280336 0.00858545 0.02935867

ERI Block (i=6, j=1):
0.40170157 0.09322652 0.00426849 0.00000000 0.00551283 0.02097839 0.02165697
0.09322652 0.32710940 0.03216505 0.00000000 0.04154174 0.13088209 0.16006975
0.00426849 0.03216505 0.32767178 0.00000000 0.00775350 0.07230370 0.09090618
0.00000000 0.00000000 0.00000000 0.32166838 0.00000000 0.00000000 0.00000000
0.00551283 0.04154174 0.00775350 0.00000000 0.33168217 -0.06592073 0.11740695
0.02097839 0.13088209 0.07230370 0.00000000 -0.06592073 0.20614035 0.06841420
0.02165697 0.16006975 0.09090618 0.00000000 0.11740695 0.06841420 0.30484599

ERI Block (i=6, j=2):
0.17354786 0.04081084 0.01155997 0.00000000 0.00212312 0.00960883 0.00991342
0.04081084 0.15294174 0.07144278 0.00000000 0.01847979 0.07230370 0.09090618
0.01155997 0.07144278 0.16217419 0.00000000 0.01224890 0.05772576 0.07427451
0.00000000 0.00000000 0.00000000 0.14595156 0.00000000 0.00000000 0.00000000
0.00212312 0.01847979 0.01224890 0.00000000 0.15053127 -0.03556706 0.06593381
0.00960883 0.07230370 0.05772576 0.00000000 -0.03556706 0.12498705 0.04367501
0.00991342 0.09090618 0.07427451 0.00000000 0.06593381 0.04367501 0.19777639

ERI Block (i=6, j=3):
0.00000000 0.00000000 0.00000000 0.00991607 0.00000000 0.00000000 0.00000000
0.00000000 0.00000000 0.00000000 0.05713420 0.00000000 0.00000000 0.00000000
0.00000000 0.00000000 0.00000000 0.00673852 0.00000000 0.00000000 0.00000000
0.00991607 0.05713420 0.00673852 0.00000000 0.00870292 0.01839426 0.02322311
0.00000000 0.00000000 0.00000000 0.00870292 0.00000000 0.00000000 0.00000000
0.00000000 0.00000000 0.00000000 0.01839426 0.00000000 0.00000000 0.00000000
0.00000000 0.00000000 0.00000000 0.02322311 0.00000000 0.00000000 0.00000000

ERI Block (i=6, j=4):
0.22414016 0.05270793 0.00212312 0.00000000 0.01265812 0.01130001 0.01280336
0.05270793 0.19752700 0.01847979 0.00000000 0.08100118 0.06592073 0.11740695
0.00212312 0.01847979 0.19204504 0.00000000 0.01131822 0.03556706 0.06593381
0.00000000 0.00000000 0.00000000 0.18849905 0.00000000 0.00000000 0.00000000
0.01265812 0.08100118 0.01131822 0.00000000 0.21181966 -0.01524298 0.10837780
0.01130001 0.06592073 0.03556706 0.00000000 -0.01524298 0.09112149 0.04321005
0.01280336 0.11740695 0.06593381 0.00000000 0.10837780 0.04321005 0.25543174

ERI Block (i=6, j=5):
0.15949137 0.03733906 0.00271693 0.00000000 -0.00000000 0.00858545 0.00858545
0.03733906 0.14159876 0.02406843 0.00000000 -0.00000000 0.06841420 0.06841420
0.00271693 0.02406843 0.14514376 0.00000000 -0.00000000 0.04367501 0.04367501
0.00000000 0.00000000 0.00000000 0.13835803 0.00000000 0.00000000 0.00000000
-0.00000000 -0.00000000 -0.00000000 0.00000000 0.14114369 -0.04321005 0.04321005
0.00858545 0.06841420 0.04367501 0.00000000 -0.04321005 0.13345993 0.03538726
0.00858545 0.06841420 0.04367501 0.00000000 0.04321005 0.03538726 0.13345993

ERI Block (i=6, j=6):
0.53066383 0.12515925 0.00764279 0.00000000 0.00987079 0.02809328 0.02935867
0.12515925 0.50227122 0.07851898 0.00000000 0.10140867 0.20614035 0.30484599
0.00764279 0.07851898 0.50458635 0.00000000 0.02940592 0.12498705 0.19777639
0.00000000 0.00000000 0.00000000 0.48181785 0.00000000 0.00000000 0.00000000
0.00987079 0.10140867 0.02940592 0.00000000 0.51979613 -0.09112149 0.25543174
0.02809328 0.20614035 0.12498705 0.00000000 -0.09112149 0.34208395 0.13345993
0.02935867 0.30484599 0.19777639 0.00000000 0.25543174 0.13345993 0.77460594

