-2.023328365916118088e+01 -5.163052839880756473e+00 -2.933954971999710656e-02 3.667301153975750364e-17 1.064433328202307521e-16 -1.187520133387639509e+00 -1.187520133387638843e+00
-5.163052839880756473e+00 -2.445113574008981328e+00 -1.257589607087306605e-01 -3.160238156750036829e-17 3.521869547261465084e-16 -1.019560973923885561e+00 -1.019560973923887337e+00
-2.933954971999710656e-02 -1.257589607087306605e-01 -3.499807953548203510e-01 -3.371477511408641397e-17 1.530289564628501875e-16 -3.670553097528351794e-01 -3.670553097528344022e-01
3.667301153975750364e-17 -3.160238156750036829e-17 -3.371477511408641397e-17 -3.910740834508968922e-01 1.562986013573618995e-16 -2.896479090858495086e-17 1.381156899398205081e-17
1.064433328202307521e-16 3.521869547261465084e-16 1.530289564628501875e-16 1.562986013573618995e-16 -3.170367791615880115e-01 3.951755635720356485e-01 -3.951755635720363147e-01
-1.187520133387639509e+00 -1.019560973923885561e+00 -3.670553097528351794e-01 -2.896479090858495086e-17 3.951755635720356485e-01 -5.749457092944301184e-01 -3.904369986209318966e-01
-1.187520133387638843e+00 -1.019560973923887337e+00 -3.670553097528344022e-01 1.381156899398205081e-17 -3.951755635720363147e-01 -3.904369986209318966e-01 -5.749457092944308956e-01
