-20.23328366 -5.16305284 -0.02933955 0.00000000 0.00000000 -1.18752013 -1.18752013
-5.16305284 -2.44511357 -0.12575896 -0.00000000 0.00000000 -1.01956097 -1.01956097
-0.02933955 -0.12575896 -0.34998080 -0.00000000 0.00000000 -0.36705531 -0.36705531
0.00000000 -0.00000000 -0.00000000 -0.39107408 0.00000000 -0.00000000 0.00000000
0.00000000 0.00000000 0.00000000 0.00000000 -0.31703678 0.39517556 -0.39517556
-1.18752013 -1.01956097 -0.36705531 -0.00000000 0.39517556 -0.57494571 -0.39043700
-1.18752013 -1.01956097 -0.36705531 0.00000000 -0.39517556 -0.39043700 -0.57494571
