1.000000000000000444e+00 2.367039365108476456e-01 6.216974347607114869e-18 0.000000000000000000e+00 0.000000000000000000e+00 5.362008641884154214e-02 5.362008641884154908e-02
2.367039365108476456e-01 1.000000000000000222e+00 -1.790654240670388388e-17 0.000000000000000000e+00 0.000000000000000000e+00 4.729709211877848318e-01 4.729709211877848318e-01
6.216974347607114869e-18 -1.790654240670388388e-17 1.000000000000000222e+00 0.000000000000000000e+00 0.000000000000000000e+00 2.402809909006348443e-01 2.402809909006348166e-01
0.000000000000000000e+00 0.000000000000000000e+00 0.000000000000000000e+00 1.000000000000000666e+00 0.000000000000000000e+00 0.000000000000000000e+00 0.000000000000000000e+00
0.000000000000000000e+00 0.000000000000000000e+00 0.000000000000000000e+00 0.000000000000000000e+00 1.000000000000000666e+00 -3.103271999497967948e-01 3.103271999497967948e-01
5.362008641884154214e-02 4.729709211877848318e-01 2.402809909006348443e-01 0.000000000000000000e+00 -3.103271999497967948e-01 1.000000000000000222e+00 2.501925476101503065e-01
5.362008641884154908e-02 4.729709211877848318e-01 2.402809909006348166e-01 0.000000000000000000e+00 3.103271999497967948e-01 2.501925476101503065e-01 1.000000000000000222e+00
